1
2
3
6
10
12
15
17
20
22
24
28
29
31
32
36
38
39
41
42
45
47
48
50
61
65
67
69
71
74
75
81
88
89
91
92
95
98
99
101
104
116
126
131
134
135
137
141
142
143
147
149
153
155
156
157
159
160
164
166
168
171
172
173
174
176
177
184
185
187
197
201
203
204
205
206
207
208
211
212
214
215
216
217
227
233
234
235
236
238
239
241
242
243
248
249
252
257
258
259
260
263
264
265
266
270
273
275
276
277
278
280
281
286
287
288
290
292
295
297
298
300
301
302
304
307
311
313
314
315
317
318
319
322
323
324
325
326
327
334
335
336
337
338
348
349
351
358
361
364
365
366
367
368
370
373
374
375
378
380
383
385
387
390
393
395
401
403
405
406
407
414
416
417
418
420
421
426
427
428
429
430
431
432
436
437
438
439
440
446
449
455
459
460
462
464
465
466
469
471
474
475
476
481
484
487
488
490
492
495
496
500
501
503
505
506
507
508
509
510
511
513
514
515
516
517
518
519
520
522
525
526
527
528
529
531
532
533
534
539
540
541
542
545
546
547
548
549
550
551
552
553
554
556
561
566
567
568
569
570
571
572
573
574
575
576
577
578
579
581
582
586
587
588
589
590
591
593
594
596
597
598
600
601
603
604
605
606
607
608
609
610
611
612
613
615
619
620
621
622
624
625
627
628
629
631
632
633
634
635
636
638
639
640
643
644
645
646
650
651
652
653
655
656
657
658
659
660
661
666
668
669
670
671
672
673
674
675
676
677
678
680
681
685
686
687
688
689
690
691
693
694
696
698
699
705
706
707
708
709
710
715
716
717
718
721
722
723
724
725
726
727
728
729
730
731
732
734
735
736
737
738
739
740
741
742
743
744
745
746
747
748
749
750
754
755
756
758
759
760
761
762
763
765
766
767
768
769
770
771
772
773
774
775
776
778
779
780
781
783
784
785
788
790
791
795
796
800
807
808
809
813
814
815
816
817
818
821
822
823
827
829
830
833
834
835
836
840
841
843
844
847
848
849
851
853
854
855
856
857
858
859
861
862
868
870
871
873
875
876
878
879
880
883
884
885
886
887
888
889
891
892
894
895
896
898
900
901
905
907
908
909
910
911
912
915
916
917
918
919
922
923
924
925
926
927
928
929
931
933
934
935
936
937
938
939
943
944
950
951
953
957
958
960
964
965
968
969
970
971
972
973
974
975
976
977
978
979
983
984
985
986
987
988
989
990
991
992
994
995
997
999
1000
1001
1002
1004
1005
1007
1008
1009
1012
1013
1014
1015
1017
1018
1019
1020
1021
1022
1023
1024
1025
1027
1028
1029
1030
1031
1032
1033
1034
1035
1036
1037
1038
1039
1040
1041
1042
1044
1045
1046
1047
1052
1054
1055
1056
1057
1058
1059
1060
1061
1062
1063
1064
1065
1067
1068
1070
1071
1072
1073
1074
1075
1076
1078
1079
1080
1081
1082
1083
1084
1085
1086
1087
1088
1090
1091
1092
1093
1094
1095
1096
1097
1098
1099
1100
1101
1102
1103
1104
1105
1109
1110
1111
1112
1113
1114
1115
1116
1117
1118
1119
1120
1121
1122
1125
1126
1127
1128
1129
1130
1131
1132
1133
1134
1135
1136
1137
1139
1144
1147
1148
1149
1151
1152
1153
1154
1155
1156
1157
1158
1159
1160
1162
1163
1164
1165
1166
1167
1168
1169
1170
1171
1172
1173
1174
1176
1177
1178
1179
1180
1181
1182
1183
1184
1186
1187
1188
1189
1190
1191
1192
1193
1194
1195
1196
1197
1198
1199
1200
1201
1202
1203
1205
1206
1207
1208
1209
1210
1211
1213
1214
1219
1220
1221
1222
1223
1224
1225
1226
1227
1228
1229
1231
1232
1233
1234
1235
1236
1237
1240
1241
1242
1244
1246
1247
1248
1249
1250
1252
1253
1255
1256
1257
1258
1259
1260
1261
1262
1263
1264
1268
1269
1270
1271
1272
1273
1274
1275
1276
1277
1278
1281
1282
1283
1284
1285
1286
1287
1288
1289
1290
1291
1292
1293
1294
1295
1296
1297
1298
1299
1300
1301
1302
1303
1304
1305
1306
1308
1309
1310
1311
1312
1313
1314
1315
1316
1317
1318
1319
1320
1321
1322
1323
1324
1325
1326
1327
1328
1331
1333
1334
1335
1336
1337
1339
1340
1341
1342
1344
1345
1346
1347
1348
1349
1350
1351
1352
1353
1354
1355
1356
1357
1359
1360
1361
1362
1368
1369
1370
1371
1372
1377
1378
1379
1380
1381
1382
1385
1386
1387
1388
1389
1390
1397
1398
1399
1400
1401
1402
1403
1404
1405
1406
1407
1408
1410
1411
1412
1413
1414
1415
1417
1418
1419
1420
1421
1422
1423
1424
1425
1426
1427
1429
1430
1431
1433
1434
1435
1436
1437
1438
1439
1440
1441
1442
1443
1444
1445
1446
1447
1448
1449
1450
1451
1452
1453
1454
1456
1457
1458
1459
1463
1464
1465
1466
1467
1468
1469
1470
1471
1472
1473
1474
1475
1478
1479
1480
1481
1482
1483
1484
1485
1486
1487
1488
1490
1491
1492
1495
1496
1497
1498
1499
1500
1502
1504
1505
1506
1507
1508
1509
1510
1511
1512
1514
1515
1516
1517
1518
1519
1520
1521
1522
1523
1524
1525
1526
1527
1528
1529
1530
1531
1532
1533
1534
1535
1536
1537
1538
1539
1540
1541
1542
1543
1544
1545
1546
1548
1549
1550
1551
1552
1553
1554
1555
1557
1558
1559
1560
1561
1562
1563
1564
1565
1568
1569
1570
1571
1572
1573
1575
1577
1578
1579
1580
1581
1582
1583
1584
1585
1588
1590
1591
1592
1593
1594
1595
1596
1597
1598
1599
1600
1601
1602
1603
1604
1605
1606
1607
1608
1611
1613
1614
1615
1616
1617
1618
1619
1620
1621
1622
1623
1625
1626
1627
1628
1629
1630
1631
1632
1633
1634
1635
1636
1637
1638
1639
1640
1641
1644
1645
1646
1647
1650
1651
1652
1653
1654
1655
1656
1657
1658
1659
1660
1661
1662
1663
1665
1666
1667
1668
1670
1671
1672
1673
1675
1676
1677
1678
